00000000000000001000101011111100
11111111111111100110001100011100
00000000000000011001100011111100
11111111111111110111100100000000
00000000000000110001001001010100
11111111111101101101010001011000
00000000000010010010000001010100
11111111111111001111100100000000
00000000000100010110000100111000
11111111110010111111111110000000
00000000001100111110000101000000
11111111111011101011111000001000
00000000011000100101001111100000
11111110110110010101101001010000
00000001001001100011000010000000
11111111100111100000100111100000
00000010001010110110101110000000
11111001011111110100010000100000
00000110100000001011101111100000
11111101110101011010010111110000
00001100000011101101101001100000
11011011110110000000010011000000
00100100001001100111010010100000
11110011111101000011001011100000
