00000000000000000011101101001010
11111111111111111111100010010100
00000000000000010000000100000110
11111111111111111111111111111010
00000000000000010001010100111111
11111111111111101010011001100111
00000000000000011011001011110001
11111111111111111110000001000010
00000000000001100001010001111010
11111111111100110100110011001101
00000000000010100100111101011100
11111111111111011011000101101001
00000000001000101000011110101110
11111111101010000101000111101100
00000000010011000011100001010001
11111111111010100110000101001000
00000000110000110000000000000000
11111101111000011000000000000000
00000001111101110110011001100110
11111111011001001001100110011010
00000100010101100000000000000000
11110011011111100000000000000000
00001100000010100000000000000000
11111100001000110000000000000000
00011000100011100000000000000000
11110111110001100000000000000000
01000110110111000000000000000000
11101000110100110000000000000000
