11111111111111111100110100101100
00000000001110000101000111101011
00000101000101001111110111110011
11111111111111111110111000001000
00000000001001111101010101100110
00000111001011111001110110110010
11111111111111111111100110100110
00000000000111000010101001000101
00001010001010011111101111100111
11111111111111111111110111000001
00000000000100111110101010110011
00001110010111110011101101100100
11111111111111111111111100110101
00000000000011100001010111001010
00010100010100011110101110000101
11111111111111111111111110111001
00000000000010011111010101011001
00011100101111010111000010100011
11111111111111111111111111100111
00000000000001110000101000111101
00101000101010001111010111000010
11111111111111111111111111111000
00000000000001001111101010101100
00111001100000000000000000000000
11111111111111111111111111111101
00000000000000111000010101100001
01010001010011001100110011001100
11111111111111111111111111111111
00000000000000100111110101000101
01110010111110101110000101000111
