00100000000010000000000111101010
00100000000010010000000101011111
00000001001010000101000000100000
00000001001010000101100000100100
00000001001010000110000000100111
00000001001010000110100000100101
00000000000010010111001111000000
00000001000010010111100000000100
00000001001010001000000000101010
00000000000010011000100101000011
00000001000010011001000000000111
00000000000010001001100101000010
00000001000010011010000000000110
00000001000010011010100000100010
00000001001010001011000000100011
00000001001010001011100000100110
00000001001010001100000000100001
10101100000010010000000000000001
10001100000110010000000000000001
00010101001000000000000000000001
00000000000000000000000000001101
00000001000010010000000000011010
00000000000000001101000000010010
00000000000000000000000000001100
00010101000000000000000000000001
00000000000000000000000000001101
00000001001010000000000000011011
00000000000000001101100000010010
00001000000100000000000000011110
00000000000000000000000000001100
00000001000000000000000000010001
00000001001000000000000000010011
00000000000000001110000000010000
00000000000000001110100000010010
00000001000010010000000000011000
00000000000000001111000000010000
00000000000000000010000000010010
00000001001010000000000000011001
00000000000000000000100000010000
00000000000000000001000000010010
00000001000010010001100000101011
00000000000000000000000000001100
